RPY: 65.50,-138.75,293.43
Q4: -0.49,-0.62,0.52,-0.32;RPY: 65.12,-139.81,293.25
Q4: -0.49,-0.62,0.52,-0.32;RPY: 65.25,-139.56,293.06
Q4: -0.49,-0.62,0.52,-0.32;RPY: 62.25,-151.75,285.93
Q4: -0.43,-0.65,0.53,-0.33;RPY: -17.68,157.56,276.93
Q4: 0.24,-0.64,0.73,-0.04;RPY: -42.68,150.81,334.56
Q4: 0.41,-0.59,0.69,0.09;RPY: -71.12,-2.37,319.25
Q4: 0.76,-0.19,0.55,0.28;RPY: -71.31,5.62,317.93
Q4: 0.76,-0.23,0.54,0.29;RPY: -71.62,7.06,317.93
Q4: 0.76,-0.23,0.54,0.29;RPY: -73.00,16.93,318.75
Q4: 0.75,-0.26,0.54,0.28;RPY: -76.06,39.00,320.87
Q4: 0.73,-0.30,0.56,0.26;RPY: -76.18,38.68,320.62
Q4: 0.73,-0.30,0.56,0.26;RPY: -76.75,58.50,323.25
Q4: 0.71,-0.33,0.58,0.24;RPY: -74.93,89.81,319.68
Q4: 0.66,-0.41,0.58,0.24;RPY: -76.18,91.31,318.25
