RPY: 65.93,-9.25,28.87
Q4: -0.81,0.10,0.54,0.21;RPY: 66.06,-9.93,29.43
Q4: -0.81,0.10,0.54,0.21;RPY: 66.93,-7.06,29.50
Q4: -0.81,0.11,0.54,0.21;RPY: 67.31,-8.00,27.68
Q4: -0.81,0.10,0.55,0.20;RPY: 67.12,-8.68,25.37
Q4: -0.81,0.09,0.55,0.18;RPY: 66.37,-13.56,20.31
Q4: -0.82,0.04,0.55,0.15;RPY: 66.43,-13.56,20.25
Q4: -0.82,0.04,0.55,0.15;RPY: 66.37,-13.62,20.12
Q4: -0.82,0.04,0.55,0.15;RPY: 66.31,-13.56,19.93
Q4: -0.82,0.04,0.55,0.14;RPY: 66.75,-14.37,20.06
Q4: -0.82,0.04,0.55,0.14;RPY: 67.25,-14.93,19.93
Q4: -0.82,0.04,0.56,0.14;RPY: 67.00,-14.06,20.06
Q4: -0.82,0.04,0.56,0.14;RPY: 66.87,-13.68,19.50
Q4: -0.82,0.04,0.55,0.14;RPY: 65.37,-13.31,16.68
Q4: -0.83,0.02,0.55,0.12;RPY: 65.00,-12.50,17.12
Q4: -0.83,0.03,0.54,0.13;RPY: 65.12,-12.00,17.31
Q4: -0.83,0.03,0.54,0.13;RPY: 65.12,-11.81,17.37
Q4: -0.83,0.03,0.54,0.13;RPY: 51.68,14.37,8.81
Q4: -0.89,0.12,0.43,0.07;RPY: 14.50,31.37,351.68
Q4: -0.95,0.25,0.15,-0.07;RPY: 16.31,31.00,353.18
Q4: -0.95,0.25,0.16,-0.06;RPY: 17.31,31.25,355.18
Q4: -0.95,0.25,0.17,-0.04;RPY: 17.62,31.31,355.37
Q4: -0.95,0.25,0.17,-0.04;RPY: 17.62,31.43,355.31
Q4: -0.95,0.25,0.17,-0.04;RPY: 18.12,31.50,355.93
Q4: -0.95,0.25,0.17,-0.03;RPY: 18.18,32.06,357.06
Q4: -0.95,0.26,0.17,-0.02;RPY: 19.25,32.68,3.37
Q4: -0.95,0.27,0.17,0.03;RPY: 19.87,32.56,6.25
Q4: -0.95,0.28,0.17,0.05;RPY: 31.68,29.68,60.12
Q4: -0.81,0.34,0.13,0.47;RPY: 30.75,30.81,59.37
Q4: -0.81,0.34,0.12,0.46;RPY: 48.50,-0.68,38.93
Q4: -0.86,0.13,0.39,0.30;RPY: 57.75,-112.06,19.25
Q4: -0.62,-0.27,0.73,0.11;RPY: 57.68,-113.25,19.87
Q4: -0.62,-0.27,0.73,0.11;RPY: 57.50,-114.12,18.50
Q4: -0.62,-0.28,0.73,0.10;RPY: 39.06,-155.12,121.37
Q4: -0.19,0.51,0.77,0.34;RPY: 40.62,-155.00,114.87
Q4: -0.21,0.48,0.78,0.33;RPY: 40.56,-155.37,114.68
Q4: -0.21,0.48,0.78,0.33;RPY: 40.56,-155.43,114.50
Q4: -0.21,0.48,0.78,0.33;RPY: 40.56,-155.56,114.12
Q4: -0.21,0.48,0.79,0.33;RPY: 40.43,-155.37,114.06
Q4: -0.21,0.47,0.79,0.33;RPY: 40.31,-155.50,113.68