RPY: 74.00,-122.37,158.75
Q4: -0.12,0.69,0.31,0.64;RPY: 73.87,-122.68,158.81
Q4: -0.12,0.69,0.31,0.64;RPY: 73.75,-122.81,158.81
Q4: -0.12,0.69,0.31,0.64;RPY: 73.75,-122.31,158.62
Q4: -0.12,0.69,0.31,0.64;RPY: 73.87,-123.68,157.87
Q4: -0.12,0.69,0.32,0.64;RPY: 73.93,-123.18,157.81
Q4: -0.13,0.69,0.32,0.64;RPY: 74.31,-124.87,156.50
Q4: -0.13,0.69,0.32,0.64;RPY: 74.31,-125.18,156.56
Q4: -0.13,0.69,0.32,0.64;RPY: 74.12,-125.75,156.75
Q4: -0.13,0.69,0.32,0.63;RPY: 40.81,-164.06,127.31
Q4: -0.06,0.83,0.41,0.36;RPY: 26.68,-169.06,124.06
Q4: -0.03,0.86,0.45,0.25;RPY: -7.31,-178.56,121.18
Q4: 0.04,0.87,0.49,-0.05;RPY: -46.62,164.56,143.50
Q4: 0.13,0.77,0.49,-0.39;RPY: -53.50,157.43,147.00
Q4: 0.13,0.74,0.47,-0.46;RPY: -57.87,150.43,150.00
Q4: 0.13,0.72,0.46,-0.50;RPY: -61.81,141.50,152.31
Q4: 0.13,0.70,0.44,-0.55;RPY: -67.37,100.81,156.93
Q4: 0.14,0.61,0.41,-0.67;RPY: -67.43,96.12,157.18
Q4: 0.14,0.60,0.40,-0.68;RPY: -66.06,83.25,158.06
Q4: 0.14,0.57,0.39,-0.71;RPY: -64.43,74.18,158.06
Q4: 0.14,0.54,0.39,-0.73;RPY: -61.43,63.81,158.31
Q4: 0.15,0.50,0.38,-0.76;RPY: -60.81,60.93,158.12
Q4: 0.15,0.49,0.37,-0.77;RPY: -60.87,60.62,157.87
Q4: 0.15,0.49,0.37,-0.77;RPY: -61.06,60.93,158.00
Q4: 0.15,0.50,0.37,-0.77;RPY: -61.50,59.31,158.18
Q4: 0.15,0.50,0.36,-0.77;RPY: -60.87,58.00,157.81
Q4: 0.15,0.49,0.36,-0.78;RPY: -60.81,57.87,157.75
Q4: 0.15,0.49,0.36,-0.78;RPY: -61.12,58.37,157.37
Q4: 0.15,0.49,1.43,1.12;RPY: -61.25,58.56,157.31
Q4: 0.16,0.49,0.36,-0.78;RPY: -61.25,58.62,157.18
Q4: 0.16,0.49,0.36,-0.77;RPY: -61.25,58.56,157.18
Q4: 0.16,0.49,0.36,-0.77;RPY: -61.43,59.18,157.18
Q4: 0.16,0.49,0.37,-0.77;RPY: -64.00,63.25,157.12
Q4: 0.15,0.52,0.36,-0.76;RPY: -66.75,71.81,160.93
Q4: 0.12,0.56,0.35,-0.74;RPY: -67.93,70.06,159.43
Q4: 0.13,0.57,0.34,-0.74;RPY: -69.50,64.18,155.43